S.NO	REGISTER NO.	NAMES	MS 1 20%	MS 2 40%	Attendance %	SEM RESULT 34%	TOTAL 194%	OBTAINED FOR 100	Threshold 60%
1	15 51 001	AARTHI.P.	13.60	36.80	93	30.60	121.00	62	Y
2	15 51 002	ABDUL KHADI.K.	7.20	7.20	93	8.50	62.90	32	N
3	15 51 003	ABINAYA.N.	15.60	32.00	97	30.60	118.20	61	Y
4	15 51 004	AKALYA.M.	10.00	8.80	93	20.40	79.20	41	N
5	15 51 005	ARCHANADEVI@KAMATCHI R.	14.40	30.40	93	27.20	112.00	58	N
6	15 51 006	ARUNA.V.	11.20	22.40	93	20.40	94.00	48	N
7	15 51 008	CHRISTY.K.	14.80	29.60	95	27.20	111.60	58	N
8	15 51 009	DINESH.V.	10.40	7.20	84	20.40	78.00	40	N
9	15 51 011	HARI RAJAN.P.	10.00	22.40	98	23.80	96.20	50	N
10	15 51 012	JAYAPRATHA.P.	15.60	33.60	100	30.60	119.80	62	Y
11	15 51 013	KARPAGAM.S.	6.00	8.80	100	20.40	75.20	39	N
12	15 51 014	KARTHIK.M.	14.40	20.80	84	27.20	102.40	53	N
13	15 51 015	KARUPPASAMY.M.	14.80	20.00	97	27.20	102.00	53	N
14	15 51 016	KEERTHIGA.N.	17.20	32.00	97	34.00	123.20	64	Y
15	15 51 017	LAKSHMI.T.	11.20	23.20	95	23.80	98.20	51	N
16	15 51 018	LAVANYA.M.	16.80	28.00	100	27.20	112.00	58	N
17	15 51 019	MALAI SUNDARI.C.	18.80	40.00	95	34.00	132.80	68	Y
18	15 51 022	NAVEEN.D.	13.20	20.00	90	23.80	97.00	50	N
19	15 51 023	PARTHIBAN.S.	11.60	12.00	86	20.40	84.00	43	N
20	15 51 024	PERUMAL.M.	4.80	8.00	86	0.00	52.80	27	N
21	15 51 025	POORNIMA.M.	14.80	24.00	97	23.80	102.60	53	N
22	15 51 026	RADHAKRISHNAN.S.	11.20	16.00	86	20.40	87.60	45	N
23	15 51 027	RANJITHKUMAR.R.	7.20	5.60	88	8.50	61.30	32	N
24	15 51 028	REVATHI.S.	11.60	24.80	97	20.40	96.80	50	N
25	15 51 032	SUGANYA.M.	17.60	35.20	95	30.60	123.40	64	Y
26	15 51 033	SURIYAKALA.J.	10.00	17.60	97	20.40	88.00	45	N
27	15 51 034	SWATHI.K.	10.00	14.40	95	23.80	88.20	45	N
28	15 51 035	VAISHNAVI.D.	12.00	24.00	97	23.80	99.80	51	N
29	15 51 036	VENKATESH KUMAR.J.	16.40	38.40	95	30.60	125.40	65	Y
30	15 51 037	VIGNESH.M.	5.60	4.00	84	8.50	58.10	30	N
31	15 51 038	VIGNESH.M.	7.60	20.00	91	8.50	76.10	39	N
32	15 51 039	VIJAY.S.	14.80	25.60	97	30.60	111.00	57	N
33	15 51 040	ASWATH.M	12.00	20.00	87	23.80	95.80	49	N
34	15 51 041	KAVIARASU.M.	6.00	8.80	94	20.40	75.20	39	N
35	15 51 042	MANOJ PRABHU.N	6.00	8.00	86	8.50	62.50	32	N
36	15 51 043	MOHAN BALAJI.M.	4.80	8.00	95	8.50	61.30	32	N
37	15 51 044	POORNIMA.B.	10.00	10.40	100	8.50	68.90	36	N
38	15 51 045	SANTHIYA.S.	10.00	20.00	91	20.40	90.40	47	N
39	15 51 046	SRIDHAR.V.	10.40	15.20	91	20.40	86.00	44	N
40	15 51 047	SUNDARESAN.S.	14.40	20.00	95	23.80	98.20	51	N
41	15 51 048	AYYANAR.P.	1.60	11.20	93	8.50	69.30	36	N
